1037704685652561926
1200224860561199104
1221197064740143104
1221428849881370626
1222024051830509568
1222880364084903936
1223024923553214470
1223375065405739008
1223667515336863745
1224054986570706954
1224082174296674306
1224270643652370432
1224382775731507200
1225101522880561153
1225167297507209221
1225580458773221376
1226559493133291520
1227028094424354816
1227109258950594560
1227491181187096576
1227645728505253889
1227661280842043393
1227677616242667520
1227854087531589633
1229175029864239104
1229175642899521537
1229730895394938880
1229802939256131587
1229847955143872512
1230228808478777344
1230238970388328448
1230444431834308614
1230477165336170497
1230667557788626944
1230685564090736643
1230865220827901952
1230897893302841344
1230935901783543808
1231270075124113408
1231295384506503170
1231690939242029057
1231994480288555017
1232211957136142338
1232362627273236486
1232372662002950144
1232458310374187009
1232513106187898883
1232528087205777408
1232692185985888257
1232749584759259139
1232786354490281988
1232786538347540482
1232853585362374657
1232865620300980225
1232887269788454913
1232892174221496320
1232898426674741248
1232958944487718912
1232960678748721153
1233017156331327490
1233020623338770438
1233023910892986368
1233067156599902210
1233072005932388352
1233086063016587265
1233089972711886848
1233121258075590656
1233138371456851969
1233144014762913797
1233144643979816962
1233147154316681216
1233167042267635712
1233188470878691328
1233219587266641921
1233224334988193792
1233282187010674688
1233293741948956673
1233361665187622913
1233394199334014976
1233399545490358272
1233430825535885312
1233447880377163776
1233490090669768704
1233493095595024386
1233552709380427778
1233599710146904065
1233617471636152320
1233622357668962304
1233631099932303361
1233642112731795456
1233676428773875713
1233703785723285504
1233736453659729926
1233770821035970570
1233787501514547201
1233798386282827777
1233801990972506112
1233815404050468865
1233826374764433408
1233886740244582402
1233920857178685440
1233996741697056768
1234003721241186307
1234049602107502592
1234061730218557442
1234128926181666818
1234148413731745798
1234195906876059648
1234209075677630464
1234260068297826304
1234314672314044416
1234316917814579201
1234327160007090178
1234327347165376512
1234344114994339840
1234422343537233921
1234520889057783808
1234528896609062915
1234602882248388608
1234628502252662784
1234642875322896384
1234718662457729025
1234721744751034368
1234731789110906880
1234736906031763457
1234847782403543040
1234891655507038209
1234933584760320001
1234988948352454659
1235298992780644354
1235328343534338050
1235356078407213056
1235381351911694336
1235509407024173057
1235567318656262146
1235685685991895046
1235812264558510080
1236033675575336960
1236038189917163520
1236082413933076480
1236184595005140992
1236201446548426752
1236358100984008704
1236366236453351424
1236383095198187520
1236404186398384129
1236437375238025218
1236610175861211139
1236616220817985536
1236616461625561095
1236747822705397760
1236757695367127040
1236865627874263041
1236919911751905280
1236927734254669824
1236941057436368896
1237011426834878470
1237069540527308800
1237072567590178816
1237084992595001345
1237155491727446016
1237185906253193218
1237206971889180672
1237241503350763520
1237247486311501824
1237393198458130436
1237399020923801602
1237424802916425730
1237429551384408064
1237430155091382272
1237450831923949570
1237452508265459712
1237458305292750849
1237491425358409728
1237522619475333120
1237524237302124544
1237553698902929410
1237563020051492866
1237670381701529601
1237709510556303360
1237732106438094850
1237808412920090626
1237856896687599621
1237916168469397505
1237943339921616896
1237966111393619970
1237966113700446219
1238028550801850370
1238049431808770049
1238063801183993856
1238074986541260801
1238104961499705346
1238116386737721344
1238129327507734530
1238142800090279937
1238144434149003264
1238150343269195776
1238157050204557313
1238161497433542657
1238210446739603458
1238225865131032577
1238234929487654912
1238293629237592066
1238386920855666688
1238398496161628160
1238419964312387592
1238457930418016256
1238493898990850055
1238506648496463873
1238531899988905984
1238609385204494336
1238675448315482118
1238703248191545344
1238782467022172166
1238867302591811587
1238881703990571011
1238901603916283913
1238973420962033664
1238977490934251521
1239012201127653376
1239022761995055106
1239041504515063808
1239158538917871616
1239173282206642178
1239191659931467776
1239216344681324545
1239233015110176768
1239237930469621762
1239253914597408770
1239254913147973638
1239266027353104386
1239288409518157827
1239295023398760464
1239314007544086531
1239353577837125635
1239387203433713664
1239401797485125633
1239437203631222785
1239491754363150336
1239507105171869698
1239539432891363328
1239548967681228800
1239558539909226497
1239560227571236864
1239591397516247042
1239615290675064832
1239625546222329856
1239628606961266691
1239641531750821890
1239671485934919680
1239677550667972613
1239695181957513218
1239699341830307840
1239710043609526272
1239712502818062336
1239714700310523905
1239740007100940289
1239757723786342402
1239766981638791169
1239767021014978561
1239771977356906496
1239788444408328192
1239795650226782211
1239796207788097538
1239818066717966336
1239845755763990529
1239846619773693952
1239865854596177921
1239920539512291328
1239929176800591878
1239935203520339969
1239935255680815104
1239945307120533509
1239947037661151232
1239961389705224193
1239961872419479553
1239988189517033472
1239999878480171008
1240000915454734336
1240014242293710855
1240051722355200001
1240097296492224515
1240108357417152512
1240110114939514881
1240125030979325953
1240145199256535042
1240145667781246976
1240147908466552835
1240172668151889921
1240175214266167296
1240187875062317056
1240193434918555648
1240208249883770881
1240226620503478273
1240243750741463040
1240247157657145344
1240251806783078402
1240252805094440961
1240271724375130112
1240284913305292800
1240331903099490304
1240345397337509888
1240345921575096327
1240346659936038912
1240356154120732673
1240363873238167553
1240369225597943810
1240374615664480262
1240376782391566345
1240415285481549827
1240425976657412097
1240428357927370752
1240441174843740160
1240446851956039693
1240449174069563393
1240473461421735936
1240474159777550337
1240490312402964481
1240505759827464195
1240530010643062784
1240554693723598849
1240578242819604480
1240607153259515904
1240610610892677121
1240616792193527808
1240621902458163201
1240657849845452801
1240665609018490882
1240682011435716609
1240688279051071496
1240692977082585088
1240715575640252416
1240738896922771456
1240782292576022533
1240850410866262016
1240870701713608704
1240883799556124672
1240945228736946176
1240972864515383296
1240974111536447488
1240990416008351749
1241033763901050882
1241076958835798016
1241101175178461187
1241107447177261062
1241136094994931712
1241152856549285888
1241159588029829121
1241169666187259908
1241187712608190470
1241253746698420224
1241296623696781312
1241410411573809153
1241417613013647369
1241427032229269504
1241454267183046665
1241468978612056066
1241480240054009861
1241484874575478784
1241495445345579015
1241512143544938496
1241560591329886208
1241566718629158912
1241619758581252096
1241621192093487104
1241648860004581376
1241653261897216000
1241666778532581376
1241709027958063104
1241719778286415873
1241723513863647233
1241739628081750017
1241740113442373632
1241752666264473602
1241839430379491328
1241843079570743296
1241866089887199232
1241868959261081603
1241900266711961600
1242064988195500032
1242080306137427970
1242083844075008000
1242120890210369536
1242122885776445440
1242180597751205888
1242193829790470145
1242227702536351745
1242242513668210688
1242300276356173824
1242360982640291840
1242391194128338944
1242413032229285888
1242414198862172161
1242426043304218625
1242430913369141253
1242445814003359745
1242448320313856002
1242477788369649665
1242489482948964355
1242524636270788613
1242529663580278787
1242529990886879233
1242541953448841222
1242594899943403520
1242598674699616256
1242608598154457089
1242620331212312590
1242629478179844097
1242636809760198656
1242653750923329536
1242663316628987904
1242681931462062082
1242712688339320832
1242737283352203265
1242748771164880897
1242756453687070720
1242760762021601281
1242798720820940800
1242848429023416324
1242850093981671425
1242855594035425282
1242863995641528327
1242910877730381824
1242930293255921664
1242932892961067010
1242941456794497024
1242942390526259200
1242955683915595777
1243023553370501120
1243027656565616640
1243152839121264641
1243155222769340416
1243191826900758529
1243227189924917248
1243232205964484608
1243234066637262848
1243271631935606784
1243338559702077446
1243369312586321920
1243382409065689093
1243432998768455681
1243442457347489792
1243507925592793090
1243533517813923843
1243565426463956993
1243573840296521734
1243580983946903554
1243593372142534658
1243600304429555714
1243609831895859203
1243613230779568129
1243622590079524867
1243649953576235017
1243696807017885697
1243721342504931329
1243776167963963393
1243817609767858177
1243822826416734208
1243825506417590272
1243837611032092674
1243880407302635521
1243891777238519808
1243895747428450307
1243934364238598144
1243948579540131840
1243964263074586625
1243973188444459009
1243975234203668481
1243994024014315521
1244004850888617989
1244006829203611649
1244010401949536258
1244015257162579969
1244039193958977538
1244043102039371776
1244045963347423232
1244047182614990849
1244052129846898697
1244079298815897606
1244083147362492417
1244089124920967168
1244135464623157249
1244142438102355968
1244173085625978880
1244178688645578753
1244191843321032704
1244191864695259136
1244229099134074881
1244269116640432132
1244285755075092480
1244288528630124544
1244300023254278145
1244304828005662720
1244307588533100544
1244314597533892610
1244328960772567041
1244343585333489714
1244347196990017537
1244350351978958854
1244364172684431360
1244399799790600194
1244427047050543110
1244464420279013376
1244464423135334401
1244468833550839809
1244488318714359810
1244499735853109250
1244507858311483393
1244555637637427200
1244567032978341890
1244585366079799298
1244589418683473929
1244640181044609024
1244642972068708353
1244667067753791488
1244673411302989824
1244690571580649474
1244703960180678657
1244710259874242562
1244711021060767746
1244713309850533890
1244731878533464068
1244738766088085505
1244741216622837760
1244760595255066624
1244760858552565766
1244765777963757570
1244766023624077323
1244782293467701249
1244782637472010245
1244784095327993856
1244785250812792839
1244785481071513600
1244791828525617157
1244793701131485185
1244795273563512839
1244823377606586368
1244826824288468993
1244840302353035264
1244840520477806592
1244840969972875266
1244853147308154880
1244881118970724353
1244881513709174785
1244892004640833543
1244894206759505924
1244895080068063232
1244926039630979073
1244926188679770112
1244941448723791873
1244955715850117120
1244956004741242881
1244959392333692928
1244960110507634688
1244963888254369793
1244964270099570690
1244965936509194240
1244968783543848962
1244972712298151936
1244973119003115520
1244979403358121986
1244979915277176834
1244992548562558976
1244996243610271746
1245007433652670465
1245018297596329984
1245029546128281602
1245035222862909440
1245039617889492992
1245044523727806464
1245055925288747008
1245058270697607171
1245066884619350017
1245067330918498305
1245076597155270661
1245078044592701441
1245078351049560071
1245086661874253826
1245087611007447044
1245087768482648066
1245090177636335623
1245091072516198400
1245097116348932103
1245098144876068864
1245098955370872835
1245100865247158273
1245106674429562891
1245109527676096512
1245110812852858883
1245122380600619014
1245129869085814784
1245131472383758336
1245140282313551873
1245142611918229504
1245143326224941059
1245143905714286608
1245153941341573125
1245163765383004160
1245166831091904513
1245169558287245312
1245176554671357953
1245184106167783433
1245185093595017226
1245186892896690176
1245217311180505088
1245217715339644933
1245221358042337283
1245237489721389057
1245242597825826818
1245254586505383936
1245260501908480000
1245265496146051072
1245286235742121984
1245287008425119744
1245289188678864897
1245330581354885123
1245331053864275968
1245335807499685891
1245339301535154177
1245348030234210304
1245353935696613377
1245355238212669440
1245359391106314241
1245362710684094471
1245366548992348161
1245370956220174338
1245388334593126403
1245400910836174850
1245408878243823617
1245414302737104897
1245423260604542978
1245430515177361408
1245433131387236352
1245435664507629570
1245437903427207168
1245445946122649604
1245447333820665856
1245453635124744193
1245479252503474184
1245479371164381185
1245480646706855936
1245499398123110400
1245503502341808129
1245505717718695937
1245533982541991939
1245565560429203458
1245574802254905346
1245580765460484097
1245597994579181569
1245599591950475264
1245604262488375296
1245609537526104065
1245616660632854530
1245639418012004364
1245647080296566784
1245655018096570370
1245665968392736769
1245674387229085696
1245675493724164096
1245708525994573825
1245708564947222531
1245710382876024832
1245710620470771712
1245712513628622848
1245713701346390016
1245716905190621186
1245721863659106306
1245724779887247360
1245744404700319746
1245746141452517376
1245751962735390720
1245754003566231553
1245769781422305287
1245770076646772737
1245770536539619332
1245772007867854849
1245774626782957579
1245778765520818180
1245779861437919238
1245781500957728769
1245781696391385088
1245794949863538690
1245798266937192449
1245798556071366658
1245804804451917824
1245805486013919232
1245806056019820545
1245812888822001682
1245820634015432705
1245820822394191876
1245828029542215681
1245829484177170434
1245842976112287744
1245845986494287877
1245848087379226627
1245848242421719040
1245850347488370688
1245858378963759104
1245864219385319426
1245867766516600833
1245869507664474112
1245873326226124800
1245873817010024448
1245877500334481409
1245901184210264070
1245908815897296906
1245909551314096128
1245933974326775808
1245946842879340544
1245956027322789889
1245962066957123586
1245964789576237056
1245972187196133377
1245972637668364288
1245982390297780233
1245985375170048000
1245993195210563584
1245998196050014208
1245999759250403328
1246002088787808256
1246009018210017280
1246009679785922560
1246011463724138496
1246021785616822274
1246032893002035206
1246035394573094912
1246041612297404416
1246043600271663106
1246057583506579462
1246058081064189953
1246060483716755456
1246062009960902656
1246064176876990470
1246064897663750144
1246068163793600512
1246069740356829186
1246073695682072577
1246075320987312131
1246076662913040385
1246078026309402625
1246080102200459265
1246080205715845123
1246081375180120066
1246081588821139457
1246084862509023232
1246093140475416578
1246093620257546241
1246115237704749056
1246115532367159298
1246115824848572417
1246116478610477063
1246117243206995968
1246118752053231617
1246121262625304576
1246123458058244098
1246124510140674049
1246124721789378560
1246125909079404547
1246127198853050371
1246127990108495872
1246128558898057218
1246130718700457984
1246131535524384768
1246133957764288517
1246138447158489089
1246139062404161538
1246143100596224006
1246143748477562880
1246144091168985089
1246145591413026822
1246154597254811649
1246155802722910210
1246157564808777729
1246158796268941313
1246159176495181835
1246159238956711937
1246164747957002241
1246164999741018112
1246165574339698691
1246167747056320514
1246171294367965185
1246173238025244672
1246174745810227200
1246175699922120704
1246177065856098304
1246178108107096064
1246184596062044162
1246189155773829120
1246191300342317056
1246193004517433346
1246194340906614789
1246195789531099136
1246195922708697089
1246196739973033984
1246197073453727760
1246197199593185283
1246199694608535552
1246201580262735872
1246202451331624960
1246202767695364099
1246208166867632130
1246212221820116992
1246214718508990464
1246214945169190912
1246217613702823936
1246219337654034433
1246221908774989837
1246223885865046019
1246225643215507459
1246225844529442816
1246229605586857984
1246231311796375552
1246238376245764097
1246239585174249472
1246240483174727685
1246255248617943040
1246260503040720896
1246271133923586050
1246273569065140224
1246278531866218497
1246290347531132933
1246310678216028160
1246317261377372160
1246318382929948672
1246333491178098690
1246337066394357761
1246350456831586305
1246351431508115457
1246355701779365893
1246357171174072321
1246371670090080258
1246371727510327296
1246375867393224704
1246376908914216961
1246381298907840512
1246382981813600259
1246383032120094720
1246386970978385920
1246397674317889538
1246399866567360513
1246406564338184192
1246408136837095426
1246408644968747008
1246410905350529024
1246411088243183617
1246417698206167041
1246426788575744007
1246431420173688832
1246431438280351745
1246431746079539201
1246431881803022336
1246438506588778496
1246439225018519552
1246442697973530626
1246447751942021122
1246448272471994370
1246449047256403969
1246455183187628037
1246456177413820417
1246467189441519622
1246467726702338048
1246471009856708609
1246474582594183174
1246476081357611010
1246478050860109829
1246482273974849536
1246483001820811268
1246483253562834945
1246490420218974208
1246491130700709889
1246492403294494720
1246492701563826181
1246495031021756417
1246495345401647104
1246495531486101506
1246499133290172416
1246503321872957441
1246505765264855040
1246509623093403648
1246510830193123331
1246510874564497410
1246512314423160832
1246513176574930945
1246513446780272640
1246514064303497216
1246517941853499392
1246523975238287362
1246524137981407233
1246524864879624201
1246532514321063937
1246532515273289729
1246533731684253696
1246535088981995521
1246535193369837568
1246537123815133185
1246538100639064064
1246541625251123206
1246545380499693571
1246546247122472961
1246546316513214467
1246551822489223170
1246553444145479680
1246556171156283396
1246556171558936576
1246559679968395270
1246561037693751297
1246561438006730768
1246562994030546951
1246568570995253254
1246568648967360514
1246568729724493829
1246569127642304512
1246570213656498176
1246571809023164418
1246572572365463552
1246573166857601024
1246573221585043456
1246579509228376067
1246581065214558209
1246588571613564930
1246589595535519750
1246615728305905665
1246620685981679617
1246633726701752320
1246642171824017413
1246644402442903552
1246645368059805698
1246645797573165058
1246648113424551938
1246652154971951104
1246671922827493379
1246674549942476802
1246675380964134912
1246679946111717376
1246691411786977280
1246692342914048001
1246696899102617600
1246697485579497474
1246701624699039744
1246704883866238976
1246705796383154176
1246706243739279361
1246708380879720448
1246711724612485122
1246711857731207169
1246712556347109377
1246717152541003776
1246719127890407426
1246723149284114432
1246725765003194370
1246726312854720512
1246729583233294342
1246730158947446785
1246730262483853318
1246732878555295744
1246734275581485056
1246740609081266176
1246743639394574338
1246755881947140097
1246756262609661957
1246759017298477057
1246762411778093058
1246769540693995521
1246772237769859072
1246773929873756166
1246775472576438274
1246778018296627200
1246781875210932224
1246786005090344961
1246791094391595009
1246794245261996036
1246796231977897984
1246797549832462336
1246799864790425600
1246803007058182144
1246812822039752705
1246815697860100101
1246817889518305281
1246819305297186816
1246823643507765249
1246827669704114178
1246828816741347328
1246829298486476801
1246829550249574400
1246832443463737344
1246834907973738497
1246841202839781376
1246848854835761153
1246849959875534855
1246850771104272386
1246853398420389888
1246855509904220161
1246857611372367875
1246859023854571522
1246867875807330304
1246868740408365056
1246873940204703748
1246875059559575552
1246881588174086147
1246886766839300097
1246888579214839808
1246891027673333760
1246892025917648897
1246903074796515333
1246912181431685122
1246914294253522944
1246916315044085762
1246916328058953749
1246920033042923520
1246921310107828226
1246930588629598208
1246938729094303748
1246940209838784512
1246946484748259331
1246954215861256192
1246956455414071301
1246958017960128515
1246963848567029761
1246967466833690630
1246974862977097729
1246979412492419072
1246983004636971008
1246984319102377990
1246985798228074496
1247020948311560193
1247021089202622464
1247021504547688449
1247026758722953217
1247027457162530816
1247031075332853760
1247031088721072134
1247031161337110528
1247033032202043392
1247054663410692097
1247054869028122628
1247055691745017863
1247057892999606275
1247061643714011137
1247062098326310913
1247071597464346625
1247074694160961536
1247074753812332545
1247076313405538304
1247078203560165378
1247084831818858496
1247091949322096640
1247092059904847873
1247092284140781569
1247095282438897664
1247102794231771136
1247104275404271617
1247107642541182977
1247109150120669184
1247115591758098434
1247125085925842944
1247126105653420032
1247130909448364032
1247131569191628800
1247133974356529153
1247145093636685824
1247147677369892865
1247147846413029376
1247156587669737473
1247160832947093504
1247160933916348416
1247161528303751175
1247164314303201281
1247164450878246912
1247173740867112960
1247176301145964544
1247182908927823872
1247183211240841225
1247185938570268678
1247187275999576065
1247187829668577280
1247188565450272774
1247189317732179968
1247190234523226112
1247192682721611778
1247193083571298305
1247197467277393927
1247199972086464513
1247204139152498697
1247206140737474560
1247207678411071503
1247209439175663616
1247210224412434440
1247210732141174784
1247212601085435904
1247218249688928262
1247219071738839044
1247222816119967748
1247228944165801985
1247231635277271040
1247231824159543297
1247232660134641664
1247239186404577281
1247239958802436097
1247242058785591296
1247243392830054405
1247245466624053248
1247245587667443712
1247249184585134083
1247249687364669441
1247250915696001025
1247253256033783808
1247254098329702406
1247256913957597185
1247258026681171971
1247259389406228481
1247260149154267140
1247260859602219009
1247262434534047748
1247263067630682114
1247264466707918851
1247269929700786177
1247271348835160070
1247271391218540548
1247273493277917184
1247273981935267841
1247275990365212673
1247281743805243392
1247282478127161354
1247283131109060608
1247283990916104198
1247284916569739270
1247286571822432257
1247288415135154177
1247289234488262661
1247295331064299520
1247295572744253440
1247296075574239234
1247297844106727424
1247302620689170433
1247303293472256000
1247303716115529732
1247304300092698626
1247305947086807041
1247308545852354561
1247308938384637953
1247310663359164416
1247313367871578113
1247317429392412672
1247320843841089536
1247324978766323713
1247326272797229058
1247326598547869697
1247337364000661506
1247341084084183041
1247348063599017990
1247351678526988294
1247355963222327298
1247356402735222785
1247364270960054272
1247366564917239808
1247369611173117958
1247370892772073474
1247371446646693888
1247375680263925760
1247383088759369728
1247384338364170241
1247387232064897027
1247388640898093059
1247389828024619010
1247391664047620096
1247393549336920064
1247396357154971648
1247398759643992064
1247399344619184128
1247404733645631493
1247408653956575233
1247411291364495360
1247412279706095622
1247413863043170304
1247421168107376640
1247425267305455616
1247425505466503172
1247431477324845057
1247433842916577280
1247434170428731393
1247436101918302208
1247437039664091140
1247437658726465536
1247440977972920320
1247443105726562304
1247445133760630784
1247446209645740032
1247447772825034752
1247447976399777792
1247448939609153536
1247452004135448578
1247454476463681536
1247454787194499073
1247457311360245761
1247467314263527430
1247467485198196736
1247474066921066496
1247476232142422016
1247478148066926593
1247479311914930178
1247484574214610944
1247485587566755840
1247487769758359553
1247491448515235840
1247491648390492162
1247506454053085184
1247508264042074113
1247508667777286144
1247513300843233281
1247514897098756097
1247517619709562881
1247523913808007168
1247535513365446666
1247536816699240449
1247539288155144199
1247539308472352770
1247542346423517191
1247547868187176961
1247553250221535233
1247554167163564032
1247556021750583296
1247561162507476992
1247561389763211264
1247565109804834816
1247567615033257984
1247567781933002752
1247573119579062277
1247574977752092674
1247576069835759618
1247577523245858817
1247581137825824778
1247585659721744388
1247589414940876801
1247591892960907266
1247593256755625985
1247597317433298945
1247605106473828357
1247611824801013760
1247614071723012098
1247616078395641856
1247620853434585092
1247627198388936704
1247631756062228483
1247637447141449730
1247652253965725696
1247658136523034624
1247662282294820866
1247673710213038081
1247682139723718656
1247691658818400257
1247721784855744512
1247726209460396035
1247742844330074113
1247753844865429508
1247754110620688385
1247754353726730279
1247756948973350915
1247771833568354314
1247792787505872896
1247807582934151171
1247807971704242176
1247813481237118978
1247822587956211713
1247826958865629184
1247831037532680193
1247832375821819906
1247833822235770880
1247847653003706368
1247853273417224194
1247881713419575297
1247883022386356226
1247883755240321034
1247884194824499200
1247894581342949376
1247898514232770561
1247901704240021506
1247903877686366211
1247911235124854790
1247918246264803329
1247928236161544194
1247933723301027842
1247935892876075011
1247937626369331205
1247937649823768577
1247946782425964544
1247947091948630017
1247947249491025921
1247948720697749512
1247949437801861120
1247951042593071105
1247957681702350851
1247959031702044672
1247963282595622918
1247967070731599874
1247967692767682561
1247973630979473408
1247975867898384385
1247980560452128777
1247983723947143170
1247999815117672449
1248004496229158914
1248007036144508928
1248010906111365120
1248010916253167618
1248022575097274373
1248038019405209601
1248039246029602818
1248042524150816771
1248046026369335296
1248056737233592321
1248060822582067200
1248061203538219008
1248069225052164101
1248069787982462978
1248078998589984769
1248094279546920960
1248097931179298823
1248101358139514880
1248106265378729989
1248119292316585984
1248164152704667660
1248168015620968449
1248180802602573825
1248184939218194433
1248191831478882304
1248200831297560576
1248223467994058754
1248224668101808130
1248228821024870400
1248234104463790082
1248246078819799040
1248246556089700353
1248252207457341440
1248254895209226240
1248255629438959617
1248258367056949255
1248260039133061122
1248270149347684352
1248275793542864897
1248278356103245826
1248284293035634690
1248288535129571330
1248289563040256000
1248296960303534080
1248298091330957312
1248298494722359296
1248299666090921990
1248300314211614720
1248302044894711810
1248302525515784197
1248315776458727424
1248316743145185280
1248320458614886406
1248329972995014662
1248330202310217733
1248332952963960833
1248333799945056256
1248340197793816584
1248352626011516928
1248355816685666304
1248367286408187904
1248370193816002561
1248377803034095616
1248379306281033732
1248389071543521295
1248438854585122816
1248451571332964353
1248493546421641216
1248522585656242177
1248526658367361024
1248530917204930561
1248540874130296832
1248541228171485184
1248541311914762240
1248555199335206912
1248566345467297792
1248570164087607296
1248593353689661441
1248600406344826881
1248605872504242176
1248619964728135691
1248629377056878593
1248631132758740998
1248644244971180033
1248652106879270912
1248655062810804226
1248671436790796288
1248678493099118597
1248686883917316096
1248687161081241601
1248687536882491393
1248688562612174848
1248693200602177536
1248696660018036736
1248702637761081353
1248711620890472449
1248732101957967872
1248737154936651778
1248740542072184844
1248752021575876608
1248759503752818690
1248770355214168064
1248787337724624896
1248824363543117826
1248876588051116032
1248903366580854784
1248903609691123712
1248904685513256961
1248906833273602049
1248915812666114051
1248927902231482368
1248954000499781632
1248957475576877056
1248966129869041664
1248967165589499904
1248967223131230208
1248979185797935105
1248980663883239424
1248993200750149632
1248996847076737028
1249012130076131331
1249012569999904784
1249025628738895874
1249026954369654784
1249048200180310016
1249059017097437186
1249059766824923138
1249063082875392003
1249069816129794049
1249078951625908226
1249091473607450625
1249092028928913408
1249110429017575425
1249113263473741825
1249118699178598401
1249148249946062848
1249184711399833602
1249194039263576074
1249200616339058690
1249219315003527173
1249223306940686336
1249230759589810176
1249231613629796352
1249236252370575362
1249237998459400193
1249264531530006534
1249264638665076736
1249293243390603264
1249293991859892224
1249295361023361024
1249300466065764353
1249325745396121600
1249331196380807168
1249334878715379712
1249355100243603458
1249362435733102592
1249378150833885191
1249390835461795840
1249394186039758851
1249407759172415488
1249408286207520768
1249408769584320512
1249412119398883329
1249427812051759104
1249429201683468291
1249439942503260161
1249446112433487878
1249456495248506880
1249467760360464384
1249476820300369926
1249489710646345730
1249491266523615232
1249499327636090885
1249552809688797184
1249557926173388800
1249575821486043137
1249584737301270528
1249592486160470018
1249594455247785984
1249597557602504704
1249630624316633089
1249655092216844288
1249658298628014086
1249663218894635009
1249665251609477120
1249675390219583498
1249676207962103809
1249676311053905920
1249692544767795200
1249693716543164420
1249695276597575680
1249709258578571264
1249714157223624705
1249717921976287239
1249719552205864961
1249725032554782726
1249728833751785473
1249732676451553288
1249753529411084288
1249753629621391360
1249757147904249857
1249757857177886720
1249765914569928704
1249766960298106885
1249792329566883841
1249820750657224704
1249827304295084037
1249840127117004800
1249908750787342344
1249913304509792256
1249922860379820032
1249933152216215556
1249934186124840962
1249969794604040193
1250010646806216704
1250023421502730245
1250027260679081985
1250029730776170498
1250066337017315329
1250073304792289280
1250086441289482240
1250092431598596099
1250094305483673603
1250103171734745094
1250106405455106049
1250139135832186881
1250141432834383873
1250150367226220551
1250155802175963136
1250155948783656962
1250235942276915202
1250239665723998208
1250317021004197889
1250325305002057728
1250365458311786496
1250372672946610178
1250382222869303296
1250397517533061122
1250407901652496384
1250408623781470208
1250431956308742146
1250438040029294592
1250445343411572736
1250446504961232898
1250450422143365122
1250454598734708736
1250460442100563968
1250470502159826945
1250507837559787527
1250548053221744642
1250668270027329537
1250752545284411394
1250777651129790465
1250781874395525121
1250791643332165632
1250854131226591232
1250856143599042561
1250864514951557120
1250870966206398464
1250876145819701249
1250877152335142912
1250882761650507778
1250934733703430144
1250942744027189248
1250952839939194881
1250966945375105025
1250985279378165760
1251060780809756672
1251098519701794817
1251103508658446336
1251125521477402624
1251143483491938309
1251166259087056896
1251194671755407360
1251194816727310337
1251215426803183616
1251248098569064448
1251254839281168384
1251259848274014208
1251265392011628546
1251275456139022336
1251294938576424965
1251300664556154881
1251334029325942784
1251336010807554048
1251353652788260864
1251428819715731458
1251439015259226119
1251447299122831362
1251454202024300544
1251459389417979904
1251463233803862018
1251491159911862277
1251512818114990080
1251523152804491275
1251525385281470465
1251527555745792005
1251538848787476480
1251546205190066176
1251550814818177030
1251556793861525504
1251587087502946304
1251602011004506117
1251602674975473664
1251602945822593032
1251607390748839940
1251615219937411073
1251639034511794179
1251641490922602496
1251644022025850880
1251648987385540614
1251683545317289984
1251689609437810692
1251788400971087873
1251789896571912193
1251794643345424387
1251823426131628033
1251828601013645313
1251836869995900929
1251844631328894976
1251845027774500866
1251890498962423808
1251891500708958208
1251893950526472199
1251910695240728580
1251928403088863232
1251929508900491267
1251935883214966784
1251945221119770624
1251951216323592195
1251952670958551045
1251953089986408449
1251954982284230656
1251959726667161600
1251977256106409987
1251988652424650758
1251989265560436738
1252033930565312513
1252046392559878144
1252082353985511424
1252153937886457856
1252194162058956800
1252239916152401921
1252263559079301120
1252273631066877952
1252294128290971650
1252295146961592321
1252314052069597187
1252336716909875202
1252369640526757888
1252401976148557824
1252475553157767168
1252550932165885953
1252580962841624576
1252607683615772672
1252635462528876544
1252640893401792512
1252649207418302472
1252655766802178053
1252656191383179266
1252691662658318337
1252698745260646400
1252700259047931911
1252718820202086402
1252726172460466176
1252732017084514304
1252737594045202432
1252803609776893952
1252827288925638657
1252859160661651458
1252874226781917185
1252917885686747136
1252920888879702020
1252947612220547072
1252959656814624768
1252983284729909248
1252991274413629440
1253003740665217028
1253004041682145282
1253047987091247104
1253062778102919168
1253063610198261761
1253086766682251269
1253104133843890182
1253144301049008128
1253155143316578305
1253165676308639745
1253170897730654210
1253181030355222530
1253189330723471361
1253197842879057921
1253198451480772608
1253204696942047232
1253209761044000769
1253226074013675522
1253228096150528000
1253236526806376450
1253247400967315456
1253312891819749382
1253324710114234368
1253326923930849282
1253329239358623746
1253345681617620993
1253374332685991937
1253403998058680321
1253405009762570240
1253412831992573955
1253430633537273856
1253462459546923008
1253473173191880704
1253492121203552257
1253498005027557377
1253513560862294017
1253547242889400320
1253593704444682240
1253642221313617920
1253678658910334978
1253693000418504704
1253705081410785281
1253729007528361990
1253737493230313472
1253749509944999936
1253758117973823488
1253804172547362820
1253837963991093257
1253873058059710464
1253873313899831296
1253874290677727232
1253963182365904898
1253964375251136512
1254015395725561856
1254025149998944257
1254035720781651969
1254049686790561793
1254074242905366528
1254091154536099840
1254096809120739330
1254102449712959494
1254127951337095175
1254152371929845761
1254159045897879558
1254207898382667776
1254227811088297985
1254320776376918016
1254341244576133121
1254425353000550400
1254475352916836356
1254491741882707968
1254494811798765569
1254524371168825348
1254534090877030403
1254557746558459905
1254648874406416386
1254695192218800129
1254749712487456768
1254756067042525184
1254814525360164866
1254899778632196098
1254905415151861760
1254915555389210625
1254933373790965765
1254938762724937729
1254958057039073280
1255022788047331330
1255023010416857088
1255051389618786307
1255061143464431616
1255064099056123905
1255072764995780608
1255076052155727873
1255082973533294592
1255111299551375361
1255167389802459137
1255193208859942913
1255194768705028101
1255198918528425985
1255216258359988224
1255216264756310019
1255264665673838592
1255271782782820352
1255274793961771008
1255279811158847491
1255304948008574976
1255397729167118336
1255409337046044672
1255556993785360385
1255587199052943360
1255617917535707138
1255628338745360384
1255672657346887681
1255759264540491777
1255855135995150339
1255874204697845760
1255885221523853316
1255885408858144768
1255922000943616008
1255950790373629955
1255954423404277762
1255973952796663814
1256001457997910018
1256013645907181570
1256026986079752192
1256052528464244738
1256068623262777345
1256108583709597697
1256125405376983040
1256127040547323907
1256129035949596672
1256179709685182466
1256185098711502848
1256199577599971328
1256208955552018433
1256214140546420736
1256221995710255109
1256236854405455875
1256309680919523331
1256319039611138048
1256345646493286401
1256345778114658304
1256349064024580096
1256376602142945280
1256389250045472770
1256478824176508929
1256498578069032961
1256588126719533057
1256707003575132161
1256828819941416960
1256931181456764928
1256966520795791366
1256979935589269505
1256994734968635393
1256995500814827520
1257019558994554886
1257078666309144576
1257111595903320082
1257215127868321794
1257264010266845185
1257289279660863488
1257290690414948352
1257344179656630274
1257359571334692865
1257427516589051904
1257462514952146944
1257586674084831232
1257588179718340608
1257605450004140032
1257647393216045063
1257676253181566977
1257685996151476231
1257704878492790784
1257710991967748098
1257723162692739074
1257770155419017216
1257770349602758657
1257790016929103873
1257790896940167173
1257792804413153282
1257852505469464577
1257883398539849728
1257895985482813448
1257989682635378690
1258028360443105286
1258066875256315905
1258104098446020609
1258118052845178881
1258133844240171009
1258185756994125825
1258187454361845760
1258215522681774082
1258262718823436289
1258290920090370054
1258304942743457794
1258342182370586627
1258359952923660289
1258381122393776128
1258383380246216705
1258438482944495616
1258442993549348866
1258466415155261440
1258467150207090688
1258472271120945152
1258495390871097344
1258528441940324352
1258541410896146433
1258555084104925184
1258676772792606720
1258699559456382977
1258712991295512578
1258740149833420800
1258749867893100550
1258778022209040385
1258831187272798208
