1021341698734030848
1023906864206147584
1032581445351550976
1033103439054733313
1055170203061903360
1077492439512989698
1082597462001491968
1094404093949276165
1098503950809079808
1108914785989603330
1109334560045563904
1113800061991841794
1120827566791766017
1121102322313170945
1123359858106032130
1129471373116563457
1130673216563712000
1143261459020783616
1143546979018006529
1150623354828681216
1150918080891117577
1152356963524763649
1152362649440493568
1154352790992347137
1154482945807269889
1155172736320364545
1157157226059931648
1159368271147044864
1159495515710644224
1161316040627724288
1165443115207057408
1165782510006980608
1166178375536451585
1166747501661163521
1168615646994685953
1172506564432936960
1181183198409084928
1181187589602078720
1183817648548630528
1188568950721994752
1192523171670433792
1193218165377044481
1195325833348554753
1197568565584564225
1197663542784249857
1201794592552767488
1201879491028684805
1203249074817908736
1205672039425740802
1209476665732222976
1216525363016339457
1219918027157696512
1220202791836188677
1220316095132979200
1220737289464221696
1220903509673107456
1221509347529936896
1221779340590895106
1222009033743388672
1222012378994237440
1222030561801146369
1222316064232681472
1222643305076400129
1222758108205895681
1223303460294156288
1223391823802093569
1223635254159659008
1223731629455216640
1223794119291502592
1223794790715650050
1224297031553806338
1224843990765314049
1224904978051010563
1225160176338010112
1225565321156812811
1226771043898945538
1226891949405298688
1226965729867698177
1227158416608694273
1227278708374937600
1228048489126318080
1228358098638790656
1228391857631055872
1228939550417936384
1229072458508050433
1229076717014220807
1229110926105772035
1229430168617275393
1229438680265379841
1229537034609549312
1229811118211620865
1229891536269213697
1230099755897888768
1230249380520828934
1230404791286804481
1230482554555379714
1230526911027318791
1230650345593896960
1230948150678097925
1231287458769313794
1231775758604877824
1232093839755808768
1232260930848903168
1232366197938716672
1232744109141524482
1232838538976251905
1233143233162539008
1233310601646137344
1233470972918927367
1233615375595659264
1233800560337444865
1233887107384410112
1233943663149027329
1234083808443498496
1234107835337912320
1234109589001572353
1234200237763248128
1234205131958292481
1234252617129197569
1234463049987371009
1234482822502588416
1234976814516170753
1235347292724568066
1235367756901437440
1235419427245441024
1235637023421198337
1235766280927547393
1235955544894001154
1236138442037305344
1236625035433054208
1236636859960180736
1236900844513054720
1236981928634523649
1237096056439083008
1237195532331667458
1237261600727298051
1237287409110274049
1237386458010247174
1237386467271458816
1237416630495457285
1237422375630757890
1237437909751521280
1237723430536900608
1237809460162093057
1237816740681150466
1237836836858482695
1238080635106922498
1238107031296491520
1238181261061042182
1238227245937750016
1238252383345442817
1238273519265484806
1238278496511840256
1238281943587991552
1238308841168699393
1238312212390744065
1238444912686911489
1238467295393001476
1238520380148629508
1238563096836411396
1238592021436268550
1238615397861068800
1238615797028679681
1238619943211581441
1238647308654268416
1238671766307762176
1238863886335594496
1238866099783045120
1238869972413288448
1238871201805713409
1239032030442160134
1239307819402264576
1239316640384405511
1239357743896489984
1239392690434957313
1239524335636930565
1239553165495861261
1239600474963099652
1239606432653139973
1239655412107849728
1239669547331878915
1239683437725958147
1239724136706031616
1239756040771534850
1239840923212640262
1239880006177873920
1239959511298965511
1239995840309035008
1240031532141568000
1240075151561162752
1240087416469413888
1240088545101877249
1240106332600090624
1240110927308926977
1240188893653336065
1240199435335938048
1240224160028246021
1240236684572164096
1240258151905210369
1240276336700203010
1240278104595193859
1240310137308557317
1240321845938667520
1240339155625947136
1240355985673392128
1240381891628457986
1240389702638804994
1240390767736127488
1240414649469800449
1240433880831844353
1240463000701751296
1240573956400115712
1240617077104422920
1240621052121747457
1240623423652577281
1240641004274954241
1240727982269812736
1240740987573547019
1240813354718986240
1240872291036286978
1241027565705482240
1241076234164916224
1241086072983097344
1241094691208257544
1241121544287531013
1241167602539474947
1241191128742989824
1241323448074244098
1241339115246956546
1241349359658295297
1241447287399669760
1241540231595044864
1241614313678409728
1241642515943620610
1241646457330872322
1241650346708963331
1241674808481525761
1241687113910845442
1241722025519054849
1241743467342114816
1241782772563349510
1241796497974464515
1241846784885915648
1241978718320332802
1241982866545876992
1242056761403756544
1242115859994349573
1242119961792753665
1242173512414105600
1242189980660830211
1242201542792364033
1242224852188225550
1242234346507034631
1242245295125090304
1242388410456846336
1242410421379895296
1242414466723086337
1242432490725355521
1242446975817089024
1242472161765404672
1242540983616712704
1242555346486472704
1242560937804038149
1242583956580700160
1242625100848996353
1242642675171459072
1242859873311830018
1242906970941685764
1242908896840372236
1242952615694123010
1242959062934917121
1242965292235571201
1242990463457640448
1243011022824374273
1243094811751546880
1243126050541928448
1243165966013550592
1243192937082585094
1243204629904703488
1243208321030643713
1243214212383404032
1243220847805886469
1243225722207993857
1243263905855672321
1243294724469018634
1243319598449123329
1243354227570806786
1243388525308809216
1243503999355150339
1243528830511386624
1243568729834881024
1243582211359674369
1243586823080808462
1243613928728350720
1243699084755644416
1243740483148566528
1243788132392169472
1243789423537532933
1243881342066180096
1243887556229582848
1244009439788699648
1244030227900227585
1244098569390309376
1244101142289793024
1244101963043741696
1244139434808717312
1244174939814592512
1244179250208440330
1244217279761518594
1244232972468981760
1244263597389148161
1244277530879762434
1244287573410959361
1244315733623963648
1244321317224095744
1244333920390279170
1244338191676534784
1244346591928037377
1244349895974273024
1244385191944056833
1244391438281871360
1244395342193405953
1244414042623684609
1244446119452696577
1244459747744649217
1244522734908051456
1244569666170822657
1244583109569339397
1244587008728719362
1244593131749871616
1244607633681760256
1244619943754285058
1244622350806630400
1244623131165237249
1244635841680605184
1244645401233428485
1244658376702820355
1244671790850478081
1244674204668223490
1244683149336096769
1244685648038105093
1244694238312488960
1244702809133588480
1244714701428273154
1244730986409218048
1244740622445051904
1244749491267346444
1244791190991638529
1244803540960370688
1244805354401280003
1244819885219340288
1244823590387830786
1244837166645157888
1244844248404500481
1244878068700897281
1244901765289586690
1244930374779785218
1244931396940029952
1244943538565062656
1244959396783890436
1244970591079333888
1244982729701298178
1245000994083221506
1245005801112174597
1245019036574003208
1245023467784863746
1245032384409501696
1245039607701528578
1245040371698147328
1245053208986345475
1245077221619851264
1245079524678807553
1245094502433505280
1245098230465138688
1245135429244006401
1245137231163142145
1245141228133351424
1245155572707733505
1245162491799375874
1245247441709998080
1245261976001019905
1245291884756508672
1245303366936408065
1245306690356031489
1245328360965910531
1245331187641593856
1245338529527463936
1245359696527179780
1245365771305443328
1245376836802093056
1245384907133681664
1245390202685849601
1245399822758285312
1245407713024249856
1245422575230111746
1245431758415450121
1245476568991846400
1245483892846583809
1245519258622148608
1245583357183799297
1245593853370875904
1245604232746524674
1245630706484563968
1245643001012994053
1245678048005042182
1245690216414928896
1245702027792887808
1245704520224538630
1245708265796894722
1245710427125960705
1245716954096250880
1245721829278396416
1245756050478956545
1245758091045548036
1245759492282818561
1245765317692985344
1245798772271128579
1245805889141030913
1245835588709818369
1245844846247469056
1245852358577455105
1245879089015242754
1245899188275159043
1245901273578209282
1245905613391048705
1245914261030752258
1245923982756503552
1245924453919248391
1245942507235684352
1245950657363763201
1246009628623884288
1246010828983320576
1246010841633370112
1246033735893598208
1246034195517972481
1246041010054017024
1246045608244379656
1246046810457673728
1246053890316996610
1246054637603393538
1246069646899306499
1246077856658198529
1246082229551456257
1246087015034216454
1246088597826088960
1246092195943157761
1246093428997251072
1246095898771443715
1246115043248345090
1246115666869932032
1246117900462809092
1246118081581195264
1246120501459783680
1246121632852213761
1246126390489079809
1246128697918308354
1246136440460914695
1246138435431272448
1246142050522849280
1246142324561915911
1246156742125379586
1246158540252819457
1246166517223391234
1246174414988861440
1246183669326385154
1246191466113884168
1246204709901303809
1246209397438758912
1246223267100119041
1246244299932684293
1246257538804449282
1246266611511803906
1246268757615341570
1246276578285412353
1246283893306728448
1246294737243582464
1246295833097764864
1246298816711622656
1246303260069089282
1246304886083346432
1246307681880678400
1246314718089936901
1246342840290074624
1246350474627944448
1246355679994089472
1246355941148233729
1246362448464142340
1246367493968576513
1246376637500985346
1246379033174118400
1246384764518576128
1246385295114657793
1246385955726114816
1246402939268325377
1246410058461786112
1246411623658663936
1246423279482568705
1246427735402176512
1246428033554231296
1246429326968532993
1246431763443986439
1246438498678312961
1246441188128952321
1246449880903475201
1246457182427549698
1246458638396522497
1246461295429332992
1246461999917207555
1246469374413864963
1246470293578747905
1246472104473747457
1246472568321781760
1246476963864289287
1246477121926684674
1246483581158993920
1246484036597547010
1246489563767267329
1246491924049145857
1246492092517539845
1246492441156476929
1246494190437105665
1246497565723557888
1246499448294957060
1246500278125441024
1246526993425928199
1246535955009372160
1246536402180780032
1246540116300107776
1246541438961278976
1246553441641664514
1246560042557624320
1246562219422253056
1246562888095010816
1246564958248280065
1246573024343740420
1246576720871936001
1246580254199689217
1246582975065620485
1246592868552237056
1246598415598923776
1246604301285261313
1246616526666465286
1246621296995323905
1246628814031065090
1246631765118078977
1246639926734508034
1246648946283253760
1246653728905736193
1246655275735691265
1246666362581368833
1246666786038300682
1246672334846451712
1246681931330314241
1246687779897192451
1246688148463267840
1246690641431662592
1246691688741056513
1246693043979407360
1246693596562108420
1246694521766907909
1246703526295764992
1246711938588999682
1246720859584200704
1246721499043692544
1246722243750756352
1246738043899346944
1246747611345936385
1246750222006484995
1246751587185430529
1246754717830713344
1246759857547554821
1246763727283765250
1246769537695068160
1246776731266138117
1246777428019642368
1246779328190238720
1246784396411240454
1246784520969310209
1246800852033077249
1246804036604567552
1246807384036716544
1246807933285011462
1246813409586245632
1246813712020901888
1246815163476594688
1246831117308768256
1246832187841929217
1246836176306257920
1246862017077575680
1246863390330564610
1246864783032410114
1246865779557052418
1246866003771957249
1246871750341787650
1246882883995865088
1246883434250682368
1246889934381879297
1246896819331874822
1246906175838228480
1246912342585212930
1246913665112182784
1246914514106318851
1246923848949338114
1246924092680417286
1246931872074121217
1246943976780898310
1246955229142228993
1246955381911433222
1246958783668117504
1246959433927872513
1246960919294377987
1246962340555370496
1246966743559540736
1246971864745992195
1246983002879676424
1246984094858137600
1246984919454277635
1246986747981987841
1246989521276882947
1246994322358243328
1246996658161954817
1246996904992329729
1246998830572331011
1247000950688145408
1247002848233218055
1247009584516038658
1247060083088867332
1247070971082784768
1247089142703558658
1247089315898888194
1247096253944680448
1247097371152056325
1247097551091834880
1247099341191471105
1247100866294730758
1247109445324283904
1247110698930487296
1247111843539271680
1247113095186493447
1247120219446956032
1247135777240174592
1247138649445216256
1247139251084570630
1247140887618076673
1247142707698511877
1247151730279600134
1247159408309739521
1247162775601741825
1247170376754479105
1247174968841883650
1247193556961370115
1247198043763617793
1247201706678476803
1247212732509798401
1247213085221404679
1247219701631062018
1247224168006860802
1247224785781866496
1247224869441413127
1247225794633633794
1247241364347277312
1247244589112541184
1247255166644039688
1247258685702799366
1247263488944361474
1247265871715852295
1247267923317731333
1247269203784028165
1247273898464489476
1247275748098027521
1247280438642716674
1247284512624496640
1247286854103248902
1247288710355451905
1247300477785722883
1247300965096730624
1247303615628353536
1247306338386001922
1247310037401374720
1247322170809888768
1247324083588485120
1247329015938953217
1247331497880834051
1247347844144660480
1247349588509495296
1247352913405583365
1247369758917439490
1247373426219782144
1247392928026095616
1247401021854400513
1247411160409874433
1247418576220422146
1247423713609420801
1247424010624753664
1247425239304323073
1247427011041210368
1247427520930119680
1247432423970934784
1247433385578029057
1247434655864889345
1247435123949273088
1247444285793976322
1247448519734185984
1247470351166124032
1247471571859656705
1247475438668124160
1247483994356068353
1247500055717830656
1247509940434096128
1247510914175127552
1247515177823674368
1247524052052238339
1247527848266461184
1247560524390375426
1247562043386986497
1247569714085277697
1247570078603845634
1247571897212157952
1247576155546218498
1247579235876769794
1247583720850083841
1247593959150452745
1247615135662866434
1247615170521624582
1247623340837220353
1247635235396878338
1247635952530534401
1247643543126056961
1247651082957770752
1247652831760453632
1247654873992245249
1247659244184354827
1247662241274626051
1247680994821509121
1247684956244963328
1247690506144006144
1247711302686040068
1247722768738570242
1247753531139866633
1247770831075168258
1247776194902155264
1247785230942883846
1247821565888266245
1247824524026011648
1247829592154480640
1247851436731502595
1247886483748352000
1247886509513912321
1247898025936039943
1247906305936887808
1247909540420599809
1247916085900427266
1247935523919925254
1247942919731974146
1247946781494841346
1247948972938989569
1247961528155942914
1247966742682501123
1247999414767161345
1248010125974990849
1248050221382111232
1248101665280008192
1248112084103159808
1248151677347258369
1248160514791923713
1248161938317721600
1248165075145424896
1248166241791029248
1248173990981533696
1248200814944030722
1248230884446216193
1248263906000240640
1248268649636528138
1248270594514116609
1248272122440552449
1248272374904086529
1248293827028422656
1248298016773230592
1248311684797730816
1248329061497176069
1248331269819203587
1248332324296708097
1248332330214641664
1248341288560320514
1248344421428613120
1248348588343779330
1248363769991847937
1248394427095068672
1248420926942629889
1248447543161368576
1248450142484586497
1248509821684514816
1248514499662905345
1248517313675976705
1248522839965212674
1248534399630675974
1248556123868798976
1248558838623735809
1248585548098351109
1248587511095582721
1248610583718449153
1248611271395520514
1248628887984062465
1248636011892150280
1248641686831497217
1248642492360200192
1248650607025676289
1248653324053856256
1248669408571969538
1248677185868697601
1248698304466165765
1248710414386384896
1248721482466955265
1248722280349401089
1248735342401904642
1248746286221676544
1248756482751021056
1248758262259949568
1248778335531831296
1248779805169983489
1248836263001628673
1248866519162871808
1248871263566774279
1248933257405743106
1248947270407655428
1248953566817128449
1248955569731502090
1248999755570647041
1249008512476168193
1249049569738067970
1249074717362970627
1249076746533720068
1249096974755913730
1249131469529907200
1249178618460340224
1249222907185827840
1249249507189166080
1249257567794200576
1249268111137792002
1249274023638233088
1249286801581277184
1249291899451645955
1249291902819721216
1249314763336753159
1249316795481313281
1249333068747485184
1249338797227212800
1249346693834911744
1249350217847144448
1249360949859045377
1249369609284665346
1249373727030206464
1249404836531048448
1249415658158403584
1249434063347294210
1249442060186370048
1249445404330074113
1249458616698052610
1249488007184474117
1249501653105029122
1249525413589680130
1249528050028609536
1249529172978012160
1249540183390859264
1249554535628115968
1249580572902428672
1249581497729929216
1249585536064466944
1249590045289385984
1249590064902012928
1249594955800215552
1249648240661794822
1249654016860205061
1249662215021563906
1249662228598534146
1249673472718131201
1249683972344463362
1249696336158642176
1249699236817625093
1249701186334330882
1249707896348147713
1249710364935114752
1249711668734590976
1249715516035432448
1249721607867846656
1249722256776933377
1249730952328122368
1249764024490831873
1249766218354921473
1249774511760838659
1249776605364436995
1249784331620495368
1249800323948052493
1249840403035144192
1249851624991981570
1249867664207433731
1249896739340861440
1249991460872740866
1250002616089808897
1250023572363530240
1250039377448878080
1250063051182747651
1250070338207178752
1250083662026158081
1250090365429977088
1250096471669485570
1250112980831866883
1250131477133692938
1250140567926865920
1250145596444418051
1250258777162612736
1250275187389370370
1250290847414771713
1250293784409034755
1250302982052143105
1250331724510158848
1250403486317019136
1250454149449371648
1250465263046311938
1250479070275657733
1250482049837916160
1250503692765233159
1250510937112686593
1250544023980441603
1250586995568660480
1250603413160833025
1250702374458572800
1250704517915652096
1250712261964038144
1250732776749510656
1250736789351997441
1250759645603540992
1250764862931832832
1250770563703943168
1250788315395211265
1250861915972272128
1250872653336006658
1250875468343128065
1250899879045537792
1250923954346344451
1250944051878203393
1251023330280443904
1251040001279827970
1251076961645944834
1251126914561052679
1251152379631693832
1251162625972437000
1251167384649388032
1251184990550847488
1251187396428943366
1251201247601987586
1251238834341216256
1251263053066371076
1251266585173483520
1251290956827164672
1251315915192274944
1251337464238628865
1251412541936459776
1251422392880152577
1251489366167490562
1251504426159943681
1251539318423904259
1251540744113881089
1251591265893912579
1251633371157016576
1251661958480347140
1251672397180219393
1251715216443756544
1251724239473868801
1251744339329519617
1251748579439411200
1251789902611656704
1251794708025823232
1251795513567072256
1251808102787268609
1251846591536906240
1251869124369801216
1251873444297355271
1251900685429256192
1251915542157504513
1251930605161496577
1251936717805891590
1251936794779795456
1251938785308352513
1251963265384624130
1251971356637278208
1252024184198365184
1252189890118332417
1252194012691173384
1252267854252199937
1252280801565143040
1252300035867303936
1252336378626674689
1252339056123342849
1252352475090173953
1252475410975244289
1252487566034644996
1252531037869158401
1252572842396471296
1252685397596893184
1252751603280404483
1252769379562946563
1252830334313349120
1252847517718335488
1252941397147164673
1252951777223348224
1253022068091891719
1253026295283429378
1253056770601357313
1253086628370776065
1253093096625143808
1253102464330600448
1253108247214436352
1253149266769375233
1253277680612585479
1253315432167112706
1253319148773376001
1253397014399848450
1253400204486852609
1253402182772121601
1253409691285274624
1253415759297933314
1253440408027189248
1253444605502095360
1253457114946813952
1253485341530456064
1253540896328515584
1253582837393088513
1253611974602211328
1253631367696584704
1253652633727823872
1253686187077689349
1253705097508532225
1253716440714223619
1253724265641369601
1253734602872631299
1253758516285800453
1253759178142818304
1253778506909007872
1253845630277038081
1253877789952000001
1254042480280055811
1254074395321982981
1254091361323757568
1254104696861663233
1254128922897367043
1254136362673922048
1254158530149580800
1254175655194845185
1254183097320591360
1254186613950775298
1254229187084378113
1254232187383107585
1254385497037836290
1254403996019757057
1254407013343334405
1254443981926051845
1254519431927140353
1254600822127763458
1254648192794148865
1254661344281767938
1254725590894161921
1254829202664312837
1254866573262651393
1254910098058604544
1254930870542221323
1254986950928408576
1254994597953953793
1255041591820972032
1255088174948331522
1255095496063848449
1255095899178651649
1255109171063775234
1255117408844623872
1255151367930306565
1255243571592073220
1255252465223680001
1255268101039558657
1255284367141867523
1255346427204636676
1255406364752588801
1255407804678049792
1255526131375144963
1255529033997209607
1255535396282421249
1255544367105945600
1255634419366289409
1255701703342473217
1255745653658927104
1255761022469750789
1255796390317314049
1255800087034429440
1255896673634725888
1255963537287020549
1255992631252918274
1256047900834115584
1256092246010744839
1256115629964300292
1256128953812738049
1256138430393782273
1256214509884186624
1256218743438479361
1256354856010465280
1256402197438435328
1256407879633920000
1256416575466483712
1256423769389912064
1256643240297672704
1256653699482619904
1256756579329703936
1256757214322151425
1256807715638251520
1256824318631260160
1256863355920363520
1256871280839720960
1256885125213589504
1256940509408432128
1256958088348827650
1256987082498560006
1257003102223335427
1257006725129023494
1257046060175896582
1257110947644178432
1257116770554576898
1257146844800380929
1257168142708727809
1257248397028929537
1257319237804163074
1257379736801640448
1257418152805269509
1257583549336694789
1257606037386989568
1257617219774750720
1257653264297930753
1257729148858105857
1257766412409376770
1257922580922748932
1257972843410862080
1257999098675974146
1258023104602767366
1258079969667768321
1258120910256701440
1258121960862568448
1258125685014568960
1258137583839776768
1258162689307807745
1258188685146836992
1258198300198567936
1258215987578408963
1258218719744008192
1258263374422564864
1258300238760206336
1258342754100359169
1258363312309514241
1258430521690017792
1258460519708712961
1258467513156931584
1258524403245047813
1258531594698031105
1258549801106325505
1258558082336112640
1258571667359531009
1258624008066527237
1258743163360968704
1258779809301364736
1258860367947673601
265895292191248385
765210892602445826
945157868571037697
954725996598628352
959106752787730432
963652883035115520
967472276189995008
984519708509523968
985951407479099393
986047344109080577
989243767084503041
992876427560316929
